1.910792072457407453e+00
-1.476783691489476080e-01
4.940945722032905607e-01
2.440573197569313457e-01
1.068638845539792825e+00
7.784007034402558034e-01
3.930694180421896444e-01
6.245152940354814497e-01
3.752132526537539370e-01
-2.192545590888921314e-01
1.428578390077164251e-01
4.551403562449887197e-01
-1.698533115634546231e-01
5.575236344574130420e-01
1.437448233791589480e-01
3.256872603388738519e-02
1.446393657175170322e+00
1.942789913497313670e-01
8.673230015042516783e-01
8.229202214799915538e-01
-7.895972835854708771e-01
1.303500107138977349e+00
4.376879882008248845e-01
3.708596108643393841e-01
6.605734190136067774e-01
-7.593154078752029079e-02
4.320634983984623645e-01
3.909082518442406062e-01
-4.717523504147813629e-01
5.759765032947841146e-01
1.315291051351969553e+00
8.499657345815458953e-02
-4.546825751179358610e-01
-8.259008798983064059e-01
-4.597868241757528951e-01
9.470012574894626223e-01
9.210318025273351861e-01
-4.532102932874529921e-01
5.672107585696273269e-01
-9.746673574702652276e-01
-3.227438278184248110e-01
7.750452711391835336e-01
1.229969534375750850e+00
5.350931399679508260e-01
1.573119140401467053e+00
8.959242759888073060e-01
2.090654584125091198e-01
4.227460147466981510e-01
3.419645206648018743e-01
1.152054920197236321e-01
8.140174338339485338e-01
1.970843401981583476e-01
9.945857856927635687e-01
9.506392938440388907e-01
6.924275100072003752e-01
6.919536408081554679e-01
5.067566331411286207e-01
3.943171668206830738e-01
2.502389486096743276e-01
1.003273651609075223e+00
9.408773444906708416e-01
-1.357773754157461932e-01
1.038548391623113076e+00
6.764890796880353996e-01
-6.969633273843065524e-01
4.823334853396481492e-01
8.106035377505702577e-01
4.851635016463990979e-01
6.591359213956997642e-01
1.184525604476545091e+00
8.019088493778678828e-01
1.124482329659193702e+00
2.568660208726656347e-01
5.260798995936817324e-01
1.122543765491574419e+00
4.187894517379202597e-01
4.122077619086088607e-01
1.041176145599817637e+00
1.595891531375405847e+00
7.644963881263642236e-01
6.373654204288756731e-01
-1.626339415729708415e-01
8.300931984189077184e-01
6.951081658164521837e-01
-1.289524757736830729e-01
-8.137392182373232030e-01
1.085264971707079695e+00
1.230463070740675846e+00
3.696379460869478883e-01
6.569908744315009486e-01
-1.195536100379083200e-01
3.962537828497372239e-01
1.288495385113457736e+00
4.014688926420761916e-01
-1.207750533897650191e-01
1.376117270703794748e+00
9.339956093406609483e-02
7.597783838417799807e-01
1.546163953458985496e-01
-1.381112465759348762e-02
1.469006285317593363e+00
1.084989196614456919e+00
6.445250300442304514e-01
2.235902046558289058e-01
-7.169016172492067573e-01
1.335592428728217484e+00
1.777758007203535495e+00
-5.145643513381620293e-01
-9.378250763008932900e-02
1.221502558050414855e+00
-5.310588996965467379e-01
1.647430297568349467e+00
2.154145447482762599e-01
1.891326751265808070e+00
1.608731561052310077e-01
-1.048547649146511773e-01
1.438209094138297228e+00
4.693405218308193128e-01
1.711507803581270970e+00
3.768383821184118077e-02
7.641388127172756839e-01
-9.753596605681025267e-02
4.253915215267305427e-01
9.015974664058123977e-03
1.297646269620084780e+00
4.251190971647633710e-01
7.409081227117007007e-01
1.466901116264055283e+00
6.894365231662931137e-01
2.662619199415456883e-01
6.432125376112873827e-01
7.167122975530304529e-01
1.757201384169404523e-01
6.484455861190330239e-01
3.961363082499018695e-01
1.192468560486328322e+00
1.333558076261969205e-01
-2.269907645384886541e-01
6.473656494073436463e-01
9.247063029645690158e-01
7.901598705026209313e-01
-5.251890417108129316e-02
6.948205506994891145e-01
5.566822371400759195e-02
5.847561563653447259e-01
-8.309814089408248394e-01
6.694793102194966927e-01
5.528533324408870797e-01
1.545289955210022104e+00
1.532949188427755960e+00
6.969914948821662737e-01
8.179583291499694653e-01
1.187358123889292294e+00
-3.303239514791102005e-01
6.567772903606483581e-01
9.238636377690623291e-03
8.994903857512648315e-02
4.828189133167875013e-01
5.307615467266662002e-01
1.066647974139304900e+00
-1.023598484220531457e-01
7.483425751348211641e-01
9.354958646746487361e-01
9.314694448950331385e-01
7.391236069932052288e-01
4.357468333169087771e-01
8.548349332879552342e-01
8.235619189167380227e-01
9.683743352487717004e-01
9.008269578806722411e-01
-1.127740667686963905e-01
1.385019005828802552e-01
7.881036230321558644e-01
5.173184690114474016e-01
5.448846857367910523e-01
1.763063698358454889e+00
1.459994707692378046e+00
8.202968278359343834e-01
1.909148311422012689e+00
6.542838160500679123e-01
9.106972784997613424e-01
5.099531363190545896e-01
7.226669745625824426e-01
1.123167403222193883e+00
4.455765134232829716e-01
-4.579445091683886915e-02
1.069164889023652698e+00
7.159033636248812726e-02
8.456319255331863349e-01
-4.027919121306172690e-01
-8.579678869635020133e-01
9.602780942339388393e-01
2.035526947028407641e-01
7.375440792080576458e-01
4.418979127072595325e-01
9.947087176892082105e-01
6.572814566645170942e-01
5.073105631619139189e-01
1.506247517753285248e-01
4.583708384298579297e-01
7.010864219357246796e-01
6.952312980772923368e-01
7.679164396439073226e-01
8.527876151209978772e-02
-3.741688351958250003e-02
6.965082183088715517e-01
4.122562491805097373e-01
1.072732631321057895e+00
-4.366727319183271172e-01
6.033901523497751107e-01
9.413164284957127315e-01
1.526468406029520608e+00
7.191121907728192930e-01
-3.768399632693820722e-01
1.183463430742444089e-01
1.839549681511696289e-01
3.895126102501720311e-01
3.314382528890118529e-01
2.417801367255290046e-01
7.783624185203912305e-01
3.915020835355966788e-01
4.422511732682741226e-01
2.481106709254681242e-01
-9.596613534582663085e-01
3.437462498147512147e-01
8.324959171361150378e-01
6.113631785224442616e-01
2.410569527354335939e-01
-1.749104365673512795e-01
1.804697591180747018e+00
7.186285629959123789e-01
-3.491732993359742965e-01
6.660629486247404696e-01
-2.861003882891521855e-02
1.211905399892474922e+00
6.886838049505830117e-01
-7.952101572589331813e-02
1.398532147751505583e+00
3.447783470394052419e-01
2.730330922943702276e-01
-1.871467857730789719e-01
-6.917171723503090508e-02
4.014152147595084763e-01
4.150290962668119477e-01
7.394063165441113750e-01
1.064194283922681450e-02
6.298138912907254028e-01
1.308408602185345160e+00
7.434716263850567053e-01
2.488113647632954617e-01
1.561727603410761223e+00
2.731686100950849738e-01
3.483522828750871270e-01
4.992766618936497203e-01
7.099906073319894872e-01
7.377891250026467063e-01
1.802665832083110153e-01
5.080059892969157609e-01
5.924639862168814552e-01
8.348713249263566283e-01
4.178860764181109300e-01
-7.951388846983354908e-01
7.304753084450892331e-01
3.466723536937033057e-01
1.004337662413001375e+00
6.437083770435789720e-01
1.139205287043472570e+00
5.367267606935599566e-01
7.155197498657495103e-02
2.286607039604513503e-01
-2.709879711711067340e-01
9.285962381190260295e-02
9.499615721294158988e-01
4.448108346610983865e-01
5.598571110011163476e-02
1.608056098132921719e-01
1.449690863690225484e+00
1.652884575381812216e-01
4.814479127022077698e-01
4.288794136494717968e-01
-7.976384228279829181e-01
1.324419420979898288e+00
3.061928785466019320e-01
5.008589997512018499e-01
-2.624588309140662989e-02
3.290531632975124410e-01
8.343833959834885405e-01
1.286718759529734246e+00
3.122508963998453790e-01
1.622472973481869030e+00
3.539984953665888945e-01
9.913514937044696218e-01
1.497665216787836595e+00
6.697390807218506215e-01
5.894366255902632190e-01
8.088785394773356785e-01
1.163857616664907724e+00
4.100721641782798521e-01
3.177030443247503833e-01
4.068212168142446572e-01
9.711216916827858370e-04
1.438064628476202866e+00
8.981413687056578610e-01
5.624429497634002573e-01
1.005449727434224449e-01
1.073396097501090107e+00
2.212931362888204134e-01
-6.887697724298094126e-01
3.087402668418572915e-01
1.085355115235940637e+00
-8.627219199128899341e-01
8.886698872379046321e-01
9.896633976128794696e-01
4.342401718624924190e-01
1.009495481658682969e+00
-1.447475962161736129e-01
8.097775480428384132e-01
4.400494036019053645e-02
9.164065330466186765e-02
1.281090392618673413e+00
-7.070403058540829511e-01
8.643012925289796922e-01
1.478702736698912723e+00
9.596548698677809242e-02
6.637349652956432422e-01
1.240404056037672564e+00
-1.600222199149092805e-01
1.040150751477610047e+00
9.349435833837234089e-01
-4.773081494585795781e-02
1.748096175460557955e+00
5.783430015813539882e-01
5.617274866761696739e-01
3.336526166121729364e-01
1.129169743506742929e+00
1.171300705589874980e+00
6.384283649411841566e-01
-5.053923398325568250e-01
-1.826643129198191051e-01
6.730243947254133108e-01
-7.888309741492813831e-01
4.795508578049814119e-01
7.071434604264892343e-01
3.570615659332578851e-01
7.970358826075076841e-01
-1.008212823919082402e-01
4.142294655592522190e-01
1.241311027156724034e+00
6.578031327541449258e-01
2.508201405004748530e-01
1.020222136179230521e+00
5.933298405915328200e-01
4.262911499080446198e-01
-9.443701888567831437e-01
5.019595724213767873e-01
-3.491386172791198783e-01
5.450315344470053613e-01
3.860273470439001819e-01
-5.914314229650833310e-01
3.411106229935545464e-01
1.361224837505742080e+00
8.503292209999728790e-01
1.647643299339721867e+00
1.157103891021055375e+00
-4.303962476279693528e-01
9.384154468547212247e-01
7.257064242408826082e-01
-1.392566382262538927e-01
3.354041785179653345e-01
6.615036829608977875e-01
2.444067599973474003e-01
4.860120311261841852e-01
1.878785277803397769e+00
-1.993807068098474300e-02
1.364769338738496263e-01
4.687626996543179381e-01
7.747143370645690474e-01
4.637925529497097799e-01
1.378253981780929394e+00
-5.873903673500124878e-02
-6.718835686169359889e-01
1.945348348528064264e-01
1.059792188945554159e+00
3.969448115882716621e-01
2.918176157975842511e-01
6.633176917204055556e-01
1.149394654821138673e-01
1.041324284344347095e+00
6.231475623029845146e-01
4.223795214852186231e-01
7.878062833827415012e-01
9.847675591510043347e-01
8.070597893947946133e-01
8.428088241279165782e-01
1.160068594127826813e+00
1.338415011553373279e-01
9.361061852732188715e-01
1.918016547227082036e+00
4.711712983258531384e-01
1.535983563686809994e+00
8.590388240105968354e-01
5.282364814025735100e-01
6.198663600833165255e-01
1.089716937166957944e+00
1.124212364904889849e+00
1.679075173462996062e-01
1.275878633328270340e+00
6.000794435713503461e-01
6.808287911070278753e-01
1.123577559588988528e-01
1.263629457900719011e+00
3.652597812348479245e-01
-4.299344972241281315e-01
2.014846022041782980e-01
1.104651621142615170e+00
8.466116651448101216e-01
1.994186073039308837e+00
1.046773335050799059e-01
5.259115801438785098e-03
-9.367235593333175236e-01
9.903332274211633646e-01
-9.748664768530050928e-01
3.100466009118094668e-01
3.002937380160983771e-01
3.472965630701669859e-01
1.418203815957792546e-01
1.106557671594712300e-01
1.183192642809454576e+00
7.378086767669593815e-01
1.117146263437047260e+00
-8.434112278643535188e-02
8.119880364847369414e-01
1.697759351264935823e-01
5.375336141053803640e-01
8.309222685248327522e-01
6.286178141629634730e-01
3.171730807621753190e-01
8.193115766898859675e-01
2.773146062819877855e-01
-9.003027300663732913e-01
-3.872500642857189534e-01
-8.355628323394801438e-01
9.125590645413161894e-01
2.920297564554128478e-01
8.565571916287693099e-01
1.282417329519278670e-01
2.269755477740600380e-01
6.371336402166105639e-01
3.271422471994891445e-01
5.926698556703984266e-01
2.258267533962072804e-01
1.494170009525395137e+00
1.493179927211723879e+00
-1.582804496445425757e-01
1.771229265381162321e-01
-5.253736824599607447e-01
1.860033581093738952e+00
-3.591427109005086438e-01
5.977223248788101628e-01
7.251107743300106989e-01
5.634231615070643961e-01
9.515411849424189050e-01
4.689488457945456545e-01
3.808613360382810953e-01
6.714372275642026544e-01
5.462375798261862592e-01
4.848937256909078286e-01
5.795284459451410797e-02
9.273883231168178476e-01
2.748358436727751375e-01
7.821051292392660059e-01
8.735387020527713986e-01
9.327386382965254796e-01
-1.049267886538725048e-01
7.539077992364919822e-01
6.702163312493643055e-01
6.974687087298225840e-01
-2.329526492576095009e-01
-7.569514088876899693e-01
1.088884798757405736e+00
8.586352985397556203e-01
7.915114345975260424e-01
9.890901837345735803e-01
-7.132043085291207563e-01
8.473375617068548138e-01
1.243788620171665471e+00
-9.056391974048683124e-02
1.306597979342534188e+00
-2.273443366815639521e-01
6.677720650735774477e-02
2.507377810726887368e-01
1.092807083885571018e+00
-3.466659802805498458e-01
4.957880351802461671e-01
8.535205931553606629e-01
-1.830738755292926623e-01
1.918182637235728016e-01
8.570744012901179154e-01
7.357925654764008172e-02
-6.679443067339929652e-02
6.669011819854739898e-01
1.350478056210635991e+00
8.164687197030273680e-02
9.882278505296695492e-01
1.289264504370475350e+00
1.170717098476361073e+00
6.523196481241142486e-01
9.719715188130444439e-01
6.431839120666900111e-01
-5.448732183991111810e-02
1.022463443188468268e+00
4.575134301142145254e-01
1.181222348654204612e+00
-6.245099504351002695e-01
1.167587749950089293e+00
6.946053468274926423e-01
1.971693064968511599e-01
9.106596806207800654e-02
8.662454912088830561e-01
4.967765988413275213e-01
4.655009346264962211e-01
1.208723446944782065e+00
1.089353829672961460e+00
-2.123807443004043227e-01
3.906175061528127657e-01
3.324681139728558055e-01
6.512237424426712273e-01
9.598487888787121669e-01
1.713544316411896418e+00
3.451316636760100032e-01
8.479682348461761165e-01
3.678012461901589703e-01
1.392179839196661550e+00
1.224843519874315945e+00
8.596795659531912825e-01
1.450156598809790420e+00
-9.314667592998731038e-01
-6.367153641529549324e-01
2.872274744152401027e-01
3.638354238315502087e-01
5.231020488066340235e-02
1.416870473355622551e-01
1.211373641027293502e-01
4.981586234997041895e-01
1.455801633711069520e+00
4.727450950322475975e-02
-6.114020006737008739e-02
6.958363921294856702e-01
9.398957097931930349e-01
1.436721202561757060e+00
1.049403822785094587e+00
1.451252812132874936e-03
4.705774699285381057e-01
-9.398474085732870797e-01
5.427651201314431795e-02
-3.436162249993557349e-01
5.865271366350461868e-01
3.721374114988060811e-01
5.917585111573560042e-01
3.030302073949084907e-01
5.259923374162289722e-01
3.403967053817136268e-01
4.692966294280351836e-01
-6.790206779530072456e-02
5.716662554284948072e-01
1.049647436712859871e+00
1.513465948689392881e+00
2.134282503815589926e-01
7.783133850209782434e-01
6.291470647710504238e-01
1.195545756524398318e+00
5.454399338756685811e-01
6.512692731521938505e-01
8.621849011190789724e-01
3.954920681586464593e-01
3.900655137962742991e-01
3.275048339169073230e-01
-9.950204125625304874e-01
8.418989021088707503e-02
1.322762767560021757e-01
9.498277668877481705e-01
3.935813782806674155e-01
5.524867006733651387e-01
6.745268392056344986e-01
1.104121525537733906e+00
6.055380996525798754e-01
4.648286610236689320e-01
8.321873083534425675e-02
2.023759850250954617e-01
3.775624211319352774e-01
2.125783153184235275e-01
3.355763142786534203e-01
7.068310198713576575e-01
8.845729392835086635e-01
1.438297891391289163e+00
9.133433592381563493e-01
6.828750407730759253e-01
3.536226567263147658e-01
7.257267215007381367e-01
7.057908595188870926e-01
7.156002596093355983e-01
7.426167915389532137e-01
4.302614125485448859e-01
1.819886257611535996e-01
6.380651913854591406e-01
1.086924719136969752e+00
3.055690606372203355e-01
1.347010050325087249e+00
9.357839842602180269e-01
9.240445187763899337e-01
7.432413601835774486e-02
8.963104072118976973e-02
1.729937021896218674e+00
1.617841427608084359e+00
9.464275543083924269e-01
1.061789078764913796e+00
3.481724157494987537e-01
3.510826100979353992e-01
1.707062908458203410e+00
8.176311811958323350e-01
1.283874553712604616e+00
-4.083719488507497886e-02
7.497211041573561552e-01
9.562462333564853978e-01
1.556334559920213856e-02
2.028968880382460149e-01
4.893597719942712754e-01
5.828307583344751741e-01
3.324784896199535211e-01
2.807946983819429310e-01
1.470336345848134663e+00
-7.158585318822456856e-01
1.728893493464955800e-01
7.979699884497164497e-01
3.021240755218510543e-01
5.155724493844273670e-01
5.498851729502052255e-01
1.204997735330543662e+00
7.243670166880531447e-01
1.186367145433626646e-01
1.251790802681979731e+00
5.360433144757947854e-01
2.395804075097478503e-01
4.367886544240398017e-01
1.778079480698506742e-01
6.405944195156918486e-01
5.345350466127793965e-01
-2.310428812951967892e-01
1.747422324247672965e+00
-6.528669301672900271e-01
1.524544639469076479e-01
5.991285281482887637e-01
1.070291340134331470e+00
-2.643938343389077295e-01
3.376259409843855863e-01
1.754397098015897605e+00
9.307446923934619143e-01
1.186005458859907602e+00
2.086395332854646956e-01
-1.511811684213204554e-02
-5.173133912027788606e-01
5.575115238571255460e-01
1.092825735578325741e+00
5.828439302021464208e-01
4.289028160583563398e-02
3.236250754701135435e-01
-6.618871184858132750e-02
-6.888218148682934139e-02
1.029604414507376831e+00
6.768048956704648678e-01
1.635711047297041087e+00
7.309438564672405825e-01
9.882667168885779230e-01
5.200453850446300486e-01
1.538466220072926660e+00
7.682975718559541534e-01
1.127682887385299981e+00
1.469820809057404976e+00
-8.830025168433306426e-01
9.339481322484124437e-01
1.010342981205623936e+00
6.103490229800887512e-01
6.745957455618243337e-01
-9.565632233897669590e-02
7.292504693304502350e-01
1.274326667338639307e+00
8.242577862813722511e-01
-4.088420264712055996e-02
3.341373236303146754e-01
-9.330119274494801385e-01
6.040844731678167712e-01
4.992512206605894676e-01
6.716745561493939753e-01
8.044974592037021921e-01
1.113937166280857483e+00
2.934122741196212303e-01
6.433377846701708869e-01
6.610081997009258359e-01
6.881339063965936642e-01
9.237058538118598783e-01
2.982232360237899726e-01
1.472079645926796410e+00
-5.904382947565266493e-01
4.956489807543649206e-01
7.701390491186153042e-01
1.259724656150578159e+00
-8.663387162933456898e-01
4.059823840062928291e-01
1.341032433618459141e+00
7.336797653975279943e-01
5.537443673884039352e-01
6.390576395160021406e-01
4.689689497172486732e-01
3.481762010719271494e-01
-2.770490932520196514e-01
5.139464421040782494e-01
4.576027171893937151e-01
1.451328503356909660e+00
5.747224046493475402e-01
4.239579289716965960e-02
4.684211701953928664e-01
3.005524079273569349e-01
-3.559508191096224516e-01
-8.207406066505711362e-01
1.685029064386130759e+00
5.414486224476959819e-01
6.801503803023143391e-01
6.973117435118705298e-01
5.128604844433368726e-01
5.988648489101473515e-01
1.386791066189851485e+00
5.791613303138065660e-01
7.471636200166262842e-01
8.020119955255458066e-01
3.627756506824750815e-01
1.924753391709204120e-01
4.371898374511864471e-01
1.052605258368098706e+00
1.203851202052315550e+00
9.365306180562438243e-01
1.300004051047438658e-01
5.399480389530495472e-01
2.955804551862817320e-01
5.761690419408334041e-01
6.824744328408633987e-01
9.488670338690541328e-01
-6.412380071795814596e-01
1.267501833393251509e+00
-1.975672472914408173e-01
9.903723655361602596e-01
-6.926397508037631656e-01
4.987698209903830282e-01
7.451945285724281831e-01
3.811527643866194914e-01
3.050204385704928800e-01
9.367987046368411175e-01
8.146450804518865496e-01
1.511724952045510051e-01
-5.414609659445739354e-01
9.635723776559790288e-01
-5.538576562718866558e-02
1.057086957536427896e+00
7.321626897777127052e-01
2.106548615769021637e-02
1.135523493833353825e+00
-8.035876941329919143e-01
8.201578937417308701e-01
3.395619554474313961e-01
1.061688650695524316e+00
3.077994715662195624e-01
5.935642768701652194e-01
1.357592741252685364e+00
1.083541458124507528e+00
-3.870422065347397522e-01
5.825530547167918627e-01
1.121579963653626333e+00
8.119898683854867016e-01
8.296193780499874215e-01
1.069961437302176854e+00
6.589038820683468245e-02
6.442217080443621846e-01
5.758379810038585234e-01
-1.827901606990797179e-01
2.193863353615190803e-01
-6.213629053513676226e-01
6.734511366616025008e-01
1.279410573490824987e+00
9.877851651916225162e-01
5.633698377248412825e-01
2.250965526211605727e-01
6.320899636169170499e-01
9.685450903544161605e-01
3.951521821760757280e-01
5.906929688603035355e-01
-3.148128106787992930e-01
6.874046752259943549e-01
1.379060744854050391e-01
-1.590700669224687225e-01
1.237275873111021163e+00
5.252782400796149886e-01
6.354417712011597441e-01
3.975105611273144213e-01
1.506946773517436888e-01
4.199540177440117539e-01
1.605145150002087462e-01
5.705742401583124845e-01
1.059290917590203662e+00
1.947809817630138163e+00
-1.211220321348394080e-01
1.763482557260509509e-02
6.926906695460171015e-01
4.799197608113399127e-01
-1.836670382725857920e-02
8.994228376117838764e-01
2.547029513227385689e-01
5.750758717572133083e-01
1.036778655169149577e+00
4.888145576370921397e-01
-2.701886591877687982e-01
4.572374018583931221e-01
-5.402635887841975570e-01
-3.575930701350875651e-01
3.929425074479413471e-01
5.924644156076372958e-01
3.785335691724474039e-01
6.171659476643487352e-01
5.748610025363496412e-01
1.937389277048229275e-01
3.171016035860039217e-01
3.969579756672290127e-01
3.197635510995828767e-01
5.508390552450423971e-01
1.399789996186794561e+00
7.496790852326964405e-01
8.901208097555821652e-01
7.623019598781421990e-04
7.088673763680688467e-01
1.425962045099387066e+00
5.651579306307179529e-01
1.517045013471616244e+00
7.602000950368155152e-01
1.083396716598818088e+00
4.737678429302527583e-01
-2.052919171630265271e-01
7.960418311332064789e-01
-6.719145821202637814e-01
7.703377263496800076e-01
9.756444420510734794e-01
-2.374688218185194710e-01
-1.228850730016782800e-01
6.817674506132453960e-01
1.085593581919070516e+00
-9.074098966373205233e-01
6.871598349600434030e-01
1.215537488939319566e+00
6.308211438682906902e-01
5.677557530770023231e-01
5.320061473083075310e-01
-3.751020427509575983e-01
-3.029540356092589315e-01
4.888278169895254877e-01
7.359067657652147432e-01
-5.163713655602832908e-01
6.915906851489972418e-01
3.634471945268529236e-01
8.400116054905346630e-01
1.266107062339488554e+00
5.877784786230684233e-01
-4.236890208892083454e-01
1.042382377627572687e+00
1.677657966545370805e+00
1.200864354543127899e+00
4.751939369987212558e-02
8.545959671115210821e-01
1.015197259145292907e+00
-6.946454755764285283e-01
-6.562815266657449076e-01
6.362981015675051033e-02
9.439291797242188586e-01
1.188145956102550471e+00
2.765152737506797465e-01
9.870769495909621494e-01
-3.731193468136795310e-02
2.830825325463965925e-01
1.052484591082508025e+00
1.025473602540847295e+00
8.592171729115971601e-02
4.277075710593183366e-01
-1.102865260592812424e-01
1.384661795748511892e+00
-1.769564953192794832e-01
2.652634683161476659e-01
5.042192496543069780e-01
-1.727117149429499010e-01
6.846924999071555273e-01
4.900882829041668387e-01
-2.844758861164625730e-01
7.286417266732947429e-01
3.174419098919190052e-01
6.279322509653373352e-01
7.896859450632762734e-01
7.496593794118409093e-01
8.725049428674034324e-01
8.366038778693871691e-01
-7.568972184836042505e-02
-2.066696977731283802e-01
-1.460951705345052698e-01
1.409977889443088106e+00
1.068867052141992957e+00
7.030621161269361430e-01
7.424593508452361768e-01
9.585412063658313997e-01
-2.144622031590981415e-02
9.981353471011722434e-01
1.183156477355316483e+00
7.237917655078525137e-01
-5.617720736175724205e-03
3.879145088534929897e-03
6.463719315158313883e-01
4.600124479964451396e-01
1.062287797246358689e+00
1.123612510663636321e+00
1.436827676974957058e+00
6.909509505034820975e-01
4.675717215984058761e-01
3.353443951943964052e-01
7.975716951519951081e-01
5.772050212910131428e-01
6.627786838968852123e-01
9.555527801264118715e-01
2.355849576114632526e-02
2.554563898123205501e-01
1.279593599041747076e+00
9.839386211508545088e-01
-7.139688550993017468e-02
5.375258547273109588e-01
-8.855323329910165242e-01
1.327978934294601121e+00
1.007930141823849102e+00
1.658716061749768933e+00
1.333499380472061180e+00
7.772366676679207664e-01
3.307438960359354585e-01
-1.889412469654299098e-01
1.007100676701266018e+00
-3.915614562416663835e-01
-5.193829339243026810e-01
8.330113377388981277e-01
2.346923558980722468e-01
3.456843093391190891e-01
7.366510278225124608e-01
1.545165181792246045e+00
7.940733686338203867e-01
9.541804380663496676e-01
6.747455931963344256e-01
5.381409440464106630e-01
7.123555564975125876e-01
1.379659445225058345e+00
-4.172525892243275081e-01
2.722057700374989064e-01
6.423166816292469328e-01
-4.431114159510098904e-01
8.470481288285438559e-01
1.527536542817804044e+00
7.075745221612443903e-01
3.282439145574254091e-01
1.965534088882643360e-01
-2.034285565190868672e-01
1.371916639035595686e+00
8.476422569272901164e-01
2.741881412628699444e-02
-7.062359835579140599e-01
4.734486069815466713e-01
6.644680453517195495e-01
5.097901756965161901e-01
1.046445098920240291e+00
3.719081715174432645e-04
4.210267339413573673e-01
1.117500454357498452e+00
5.627245167464727249e-01
5.162913303801708320e-01
9.410025902510090745e-01
1.300591630559714051e+00
4.792864798541494054e-01
2.427814707935744831e-01
9.507603039770660125e-01
1.331809394057587248e+00
1.471309855454683735e+00
1.101282379975829340e+00
1.417942685261988522e+00
1.382637426776478495e+00
5.889526160182234626e-01
-5.683694221246837763e-02
7.249351523101559280e-01
2.043615694539382410e-01
1.283523045511719474e+00
1.255385758495870085e+00
6.322450351192525630e-01
8.638741500355149316e-01
3.909293450674780068e-01
