# The first column are the values in azimuth angle and the second column is the zenith angle.
# 
0.955 0.629
0.966 1.523
2.340 1.674
0.348 0.643
2.161 2.147
3.608 0.381
0.677 1.707
4.739 1.017
0.492 1.953
2.164 1.662
3.054 0.665
3.941 1.068
3.333 0.752
1.930 1.394
5.210 1.348
3.137 1.435
0.234 2.283
2.380 0.209
4.156 1.225
2.550 1.438
5.865 0.477
0.308 1.322
2.263 1.002
5.298 1.955
2.374 0.167
2.776 0.164
2.900 2.989
1.590 2.371
4.646 1.589
1.635 1.770
3.177 1.654
3.947 1.368
0.629 2.042
2.195 0.375
2.185 1.199
3.097 0.647
5.571 1.301
2.024 1.560
2.760 1.866
0.117 1.456
2.161 1.718
5.396 1.013
4.030 1.411
4.217 1.392
3.198 1.474
2.306 1.461
5.395 0.711
2.836 0.756
0.562 1.447
3.159 1.656
5.968 0.829
4.919 1.962
6.138 1.543
1.961 2.018
4.403 0.673
6.256 1.856
6.241 1.251
1.168 0.498
1.430 1.879
3.312 1.325
2.203 1.951
2.389 1.449
3.336 0.585
6.240 1.360
2.774 1.090
4.598 1.682
1.158 2.257
1.211 3.011
4.484 1.509
6.165 1.770
0.821 2.086
1.284 1.124
2.973 1.604
0.201 2.429
1.947 1.361
5.887 2.597
3.180 2.171
2.169 0.402
5.009 2.115
1.539 0.480
4.684 1.677
2.351 1.247
1.215 2.934
3.524 0.131
1.388 2.596
1.211 2.383
1.269 1.487
1.182 2.686
1.270 0.956
0.785 1.541
1.078 1.581
1.061 2.308
0.916 1.622
0.879 1.386
0.998 2.756
1.280 1.088
0.873 2.081
1.395 1.700
0.802 2.018
0.970 2.093
